# k (Mpc^-1), \Delta^2(k) dark matter
7.065497427219503118e-06 2.962476902119967638e-18
8.894934258092383902e-06 7.381501860265258521e-18
1.119805877375015931e-05 1.839223023753028397e-17
1.409752075303699112e-05 4.582725301191449538e-17
1.774772711929518520e-05 1.141860176508142699e-16
2.234306467207185568e-05 2.845125955759382144e-16
2.812825189303364880e-05 7.089069490890794090e-16
3.541137109748686350e-05 1.766345460704327977e-15
4.458027494109806306e-05 4.401087079600010074e-15
5.612324098811994662e-05 1.096581591009464469e-14
7.065497427219504304e-05 2.732226343252056061e-14
8.894934258092383902e-05 6.807443572723359913e-14
1.119805877375015931e-04 1.696048237058508777e-13
1.409752075303699213e-04 4.225434745900776536e-13
1.774772711929518520e-04 1.052619521648776643e-12
2.234306467207185568e-04 2.621916900201983962e-12
2.812825189303364676e-04 6.529551561270822407e-12
3.541137109748685808e-04 1.625610685331839385e-11
4.458027494109805628e-04 4.045225756038279623e-11
5.612324098811995610e-04 1.005873888834991816e-10
7.065497427219504575e-04 2.498244255971954363e-10
8.894934258092383359e-04 6.193478454682661715e-10
1.119805877375015931e-03 1.531109533378745021e-09
1.409752075303699051e-03 3.769105427367131814e-09
1.774772711929518357e-03 9.220713369956517201e-09
2.234306467207185405e-03 2.235957747807062043e-08
2.812825189303364785e-03 5.358407216107471847e-08
3.541137109748686458e-03 1.265229080218391410e-07
4.458027494109805845e-03 2.935141229796499936e-07
5.612324098811994309e-03 6.667842473060149445e-07
7.065497427219504141e-03 1.476344362321248830e-06
8.894934258092382709e-03 3.165461807400276074e-06
1.119805877372995195e-02 6.514466069279405360e-06
1.409752064115203304e-02 1.271853976089749969e-05
1.774764185751971299e-02 2.325560059912617816e-05
2.233125317294982343e-02 3.953123978989494923e-05
2.773487665832566340e-02 6.206880187006296042e-05
3.229496861238116689e-02 8.493243418397777183e-05
3.560131187572433686e-02 1.047284501147914993e-04
3.832716072311474764e-02 1.233964973266561303e-04
4.076062022472780322e-02 1.417651226075519006e-04
4.303004939149348423e-02 1.600558746703608639e-04
4.520335547684582039e-02 1.782276851712995660e-04
4.732124260234659568e-02 1.961110020347119781e-04
4.941044111061703575e-02 2.134826721339204338e-04
5.148978584305313050e-02 2.301207688115875524e-04
5.357332666802703397e-02 2.458536502404768927e-04
5.567205654476117122e-02 2.606066536028596925e-04
5.779493529032068977e-02 2.744388747734493195e-04
5.994952813418590043e-02 2.875706232199848550e-04
6.214242106487564282e-02 3.003911314906225396e-04
6.437950048864789221e-02 3.134465463530171294e-04
6.666614698420789131e-02 3.274027649920517135e-04
6.900737273251343618e-02 3.429847537555788485e-04
7.140792086712335895e-02 3.608931640008207248e-04
7.387233837541296033e-02 3.816978403279084014e-04
7.640503018604048735e-02 4.057249680792265846e-04
7.901029959691695248e-02 4.329269195940056345e-04
8.169237861825918989e-02 4.627830030869929320e-04
8.445545078014686513e-02 4.942591326283106087e-04
8.730366828089664022e-02 5.258884473592916097e-04
9.024116490293791759e-02 5.560057616620751398e-04
9.327206582709758609e-02 5.831398020693281514e-04
9.640049527580447919e-02 6.064695106285181983e-04
9.963058278652815736e-02 6.262158945788644975e-04
1.029664688320953564e-01 6.438172370990373223e-04
1.064123104492915167e-01 6.617739432416818585e-04
1.099722875061699134e-01 6.831391942086182962e-04
1.136506102139715202e-01 7.107067950722107275e-04
1.174515284793873487e-01 7.460857671874838526e-04
1.213793436811747145e-01 7.889052502934288964e-04
1.254384234518375885e-01 8.366906652769688906e-04
1.296332200402321722e-01 8.848081681574528632e-04
1.339682928339889501e-01 9.278260271972283866e-04
1.384483356283228717e-01 9.625204655983627278e-04
1.430782092527921601e-01 9.896940236635821085e-04
1.478629802028646467e-01 1.014057062439634909e-03
1.528079659921932898e-01 1.042191263264261557e-03
1.579187880397812660e-01 1.079944662981435159e-03
1.632014330538028579e-01 1.129520913318340621e-03
1.686623240782835209e-01 1.187210666252509934e-03
1.743084026543147425e-01 1.244663748175662936e-03
1.801472239272546849e-01 1.293939981980035724e-03
1.861870670402033523e-01 1.332722313167221048e-03
1.924370638281785451e-01 1.366922821762789775e-03
1.989073497171126303e-01 1.407291333961902370e-03
2.056092419111929803e-01 1.460279619760391102e-03
2.125554515231086461e-01 1.523043016169738475e-03
2.197603384098636703e-01 1.585687009425752617e-03
2.272402203373939111e-01 1.639452185014831590e-03
2.350137520210126285e-01 1.686390822769724598e-03
2.431023950435224068e-01 1.736738213076992939e-03
2.515310073529543611e-01 1.798468369536274742e-03
2.603285920710862733e-01 1.867086203920461686e-03
2.695292614297937206e-01 1.932568066826674796e-03
2.791734955356563463e-01 1.992749313021655727e-03
2.893098118612864034e-01 2.056137347426429188e-03
2.999970174406036971e-01 2.128412835164298928e-03
3.113073047817217498e-01 2.205072201022346100e-03
3.233305977414311916e-01 2.279418278437944645e-03
3.361807977820966409e-01 2.356837002670821545e-03
3.500050057062063513e-01 2.443700922406344053e-03
3.649975613826189069e-01 2.533749679464641739e-03
3.814221921713307206e-01 2.628786677626389172e-03
3.996484316920941859e-01 2.734484405716752862e-03
4.202144897823575920e-01 2.849040988745580802e-03
4.439421958577716709e-01 2.978675287706355774e-03
4.721617922002025458e-01 3.127429873583999122e-03
5.071866454911694300e-01 3.306038540579941346e-03
5.533965892177545864e-01 3.531253886052561873e-03
6.197978052762332934e-01 3.836557942557561503e-03
7.247783295082079746e-01 4.281830432761714843e-03
8.919229502993215597e-01 4.914150950831144664e-03
1.120985379662292614e+00 5.665263797501892025e-03
1.411201190427305407e+00 6.478900330700853097e-03
1.776596906136609588e+00 7.348653122514470920e-03
2.236602991579940802e+00 8.273342692570561166e-03
2.815716342195020871e+00 9.251434165697495007e-03
3.544776855593303910e+00 1.028159798240331144e-02
4.462609662646501718e+00 1.136228940773694775e-02
5.618092707223566684e+00 1.249206686292495330e-02
7.072759674942735941e+00 1.366937957431798266e-02
8.904076886297408677e+00 1.489257033022481358e-02
1.120956866072579139e+01 1.616032256258422006e-02
1.411201084224161484e+01 1.747072244564847054e-02
1.776596906080700577e+01 1.882211698854270934e-02
2.236602991579940536e+01 2.021289721468346248e-02
2.815716342195020871e+01 2.164004162200262871e-02
3.544776855593303821e+01 2.310116470006458311e-02
4.462609662646502784e+01 2.459248254947916240e-02
5.618092707223566151e+01 2.610851438202198282e-02
7.072759674942736297e+01 2.764165296045089509e-02
8.904076886297409033e+01 2.918003614473513307e-02
1.120956866072579174e+02 3.070500703432765821e-02
1.411201084224161377e+02 3.218801607080375854e-02
1.776596906080700649e+02 3.358957650365607117e-02
2.236602991579940749e+02 3.485491269698737932e-02
2.815716342195020729e+02 3.592036978937718228e-02
3.544776855593303821e+02 3.673092358478808467e-02
4.462609662646502215e+02 3.728955284776352963e-02
5.618092707223565867e+02 3.770815859864253689e-02
7.072759674942735728e+02 3.819860252491161234e-02
8.904076886297407327e+02 3.891534961931843867e-02
1.120956866072579260e+03 3.983016609841109890e-02
1.411201084224161377e+03 4.090757812943348476e-02
1.776596906080700592e+03 4.212856938683166852e-02
2.236602991579940408e+03 4.345592596581313721e-02
2.815716342195020388e+03 4.486441952579987152e-02
3.544776855593303935e+03 4.633259779466132600e-02
4.462609662646502329e+03 4.784797636583069946e-02
5.618092707223565412e+03 4.939182565421616072e-02
7.072759674942735728e+03 5.096468500610271818e-02
8.904076886297407327e+03 5.255493402896836697e-02
1.120956866072579214e+04 5.416474455303434826e-02
1.411201084224161605e+04 5.578641259487872317e-02
1.776596906080700501e+04 5.741987137993111168e-02
2.236602991579940499e+04 5.906277894727458844e-02
2.815716342195020479e+04 6.071913464472742522e-02
3.544776855593303480e+04 6.237715144071424161e-02
4.462609662646502693e+04 6.404411077180345579e-02
5.618092707223565958e+04 6.571997610617341667e-02
7.072759674942736456e+04 6.740306555118891207e-02
8.904076886302871571e+04 6.908885473907126762e-02
1.120956866074131685e+05 7.077937044158030822e-02
1.411201084226573876e+05 7.247413567602024875e-02
1.776596906085194205e+05 7.417268318011244199e-02
2.236602991586653225e+05 7.587455526751402113e-02
2.815716342204688117e+05 7.757930368518532738e-02
3.544776855607356993e+05 7.928648947258323809e-02
4.462609662666134536e+05 8.099568282266064734e-02
5.618092707251373213e+05 8.270646294464946424e-02
7.072759674977743998e+05 8.441841792860724225e-02
8.904076886346944375e+05 8.613114461170605363e-02
1.120956866079680156e+06 8.784424844624368067e-02
1.411201084233558737e+06 8.955734336935668172e-02
1.776596906093987636e+06 9.127005167441509803e-02
2.236602991597724147e+06 9.298200388407962258e-02
2.815716342218624894e+06 9.469283862500092741e-02
3.544776855624902993e+06 9.640220250414244241e-02
4.462609662688222714e+06 9.810974998670714264e-02
5.618092707279181108e+06 9.981514327564913747e-02
7.072759675012752414e+06 1.015180521927521867e-01
8.904076886391015723e+06 1.032181540612557569e-01
1.120956866085228510e+07 1.049151335900108395e-01
1.411201084240543842e+07 1.066086827591472969e-01
1.776596906102781370e+07 1.082985007072345962e-01
2.236602991608794406e+07 1.099842936199188353e-01
2.815716342232561857e+07 1.116657746200179907e-01
3.544776855642448366e+07 1.133426636590581654e-01
4.462609662710311264e+07 1.150146874102341565e-01
5.618092707306989282e+07 1.166815791627767163e-01
7.072759675047759712e+07 1.183430787177106452e-01
8.904076886435088515e+07 1.199989322849861345e-01
1.120956866090776771e+08 1.216488923819679796e-01
1.411201084247528911e+08 1.232927177332659163e-01
1.776596906111575067e+08 1.249301731718901187e-01
2.236602991619865000e+08 1.265610295417163855e-01
2.815716342246497869e+08 1.281850636012445699e-01
3.544776855659993887e+08 1.298020579286362219e-01
4.462609662732400298e+08 1.314118008280143468e-01
5.618092707334797382e+08 1.330140862370116084e-01
7.072759675082768202e+08 1.346087136355514635e-01
8.904076886479160786e+08 1.361954879558469611e-01
1.120956866096325159e+09 1.377742194936038278e-01
1.411201084254513741e+09 1.393447238204119365e-01
1.776596906120368719e+09 1.409068216973120014e-01
2.236602991630935192e+09 1.424603389895227890e-01
2.815716342260435104e+09 1.440051065823145793e-01
3.544776855677539349e+09 1.455409602980164974e-01
4.462609662754488945e+09 1.470677408141415066e-01
5.618092707362604141e+09 1.485852935826187382e-01
7.072759675117775917e+09 1.500934687501167542e-01
8.904076886523233414e+09 1.515921210794465290e-01
1.120956866101873589e+10 1.530811098720306629e-01
1.411201084261498642e+10 1.545602988914249465e-01
1.776596906129161835e+10 1.560295562878811215e-01
2.236602991642005920e+10 1.574887545239368469e-01
2.815716342274372482e+10 1.589377703010210197e-01
3.544776855695085144e+10 1.603764844870621542e-01
4.462609662776576996e+10 1.618047820450871366e-01
5.618092707390412140e+10 1.632225519627989729e-01
7.072759675152783203e+10 1.646296871831210151e-01
8.904076886567304993e+10 1.660260845356963666e-01
1.120956866107421875e+11 1.674116446693300619e-01
1.411201084268483887e+11 1.687862719853634452e-01
1.776596906137955933e+11 1.701498745719688399e-01
2.236602991653076172e+11 1.715023641393530196e-01
2.815716342288309326e+11 1.728436559558587660e-01
3.544776855712630005e+11 1.741736687849535781e-01
4.462609662798665161e+11 1.754923248230939592e-01
5.618092707418220215e+11 1.767995496384554277e-01
7.072759675187791748e+11 1.780952721105169001e-01
8.904076886611378174e+11 1.793794243704892044e-01
1.120956866112970215e+12 1.806519417425774543e-01
1.411201084275468994e+12 1.819127626860667646e-01
1.776596906146749268e+12 1.831618287382212329e-01
2.236602991664146484e+12 1.843990844579861121e-01
2.815716342302246094e+12 1.856244773704835704e-01
3.544776855730175781e+12 1.868379579122914358e-01
4.462609662820753906e+12 1.880394793774960438e-01
5.618092707446028320e+12 1.892289978645093074e-01
7.072759675222799805e+12 1.904064722236404050e-01
8.904076886655451172e+12 1.915718640054123179e-01
1.120956866118518750e+13 1.927251374096153047e-01
1.411201084282453711e+13 1.938662592350866021e-01
1.776596906155542969e+13 1.949951988302079386e-01
2.236602991675217188e+13 1.961119280441127044e-01
2.815716342316182812e+13 1.972164211785915333e-01
3.544776855747721094e+13 1.983086549406911370e-01
4.462609662842842188e+13 1.993886083959942046e-01
5.618092707473835938e+13 2.004562629225739578e-01
7.072759675257807812e+13 2.015116021656148670e-01
8.904076886699521875e+13 2.025546119926890654e-01
1.120956866124067031e+14 2.035852804496836310e-01
1.411201084289438750e+14 2.046035977173675524e-01
1.776596906164336250e+14 2.056095560685916868e-01
2.236602991686287812e+14 2.066031498261138577e-01
2.815716342330120000e+14 2.075843753210402098e-01
3.544776855765266875e+14 2.085532308518766031e-01
4.462609662864930625e+14 2.095097166441805825e-01
5.618092707501643750e+14 2.104538348108076773e-01
7.072759675292815000e+14 2.113855893127439822e-01
8.904076886743595000e+14 2.123049859205171364e-01
1.120956866129615625e+15 2.132120321761793724e-01
1.411201084296423750e+15 2.141067373558545872e-01
1.776596906173130000e+15 2.149891124328424108e-01
2.236602991697358250e+15 2.158591700412724745e-01
2.815716342344056500e+15 2.167169244403011064e-01
3.544776855782812500e+15 2.175623914788447633e-01
4.462609662887020000e+15 2.183955885608421799e-01
5.618092707529451000e+15 2.192165346110391266e-01
7.072759675327823000e+15 2.200252500412888113e-01
8.904076886787667000e+15 2.208217567173609286e-01
1.120956866135163800e+16 2.216060779262543634e-01
1.411201084303409000e+16 2.223782383440048860e-01
1.776596906181923600e+16 2.231382640039831500e-01
2.236602991708428800e+16 2.238861822656761924e-01
2.815716342357993600e+16 2.246220217839452471e-01
3.544776855800357600e+16 2.253458124787558192e-01
4.462609662909108000e+16 2.260575855053719441e-01
5.618092707557259200e+16 2.267573732250093010e-01
7.072759675362831200e+16 2.274452091759413541e-01
8.904076886831739200e+16 2.281211280450528567e-01
1.120956866140712320e+17 2.287851656398343925e-01
1.411201084310393920e+17 2.294373588608124015e-01
1.776596906190717440e+17 2.300777456744093896e-01
2.236602991719499200e+17 2.307063650862274662e-01
2.815716342371930560e+17 2.313232571147520178e-01
3.544776855817903360e+17 2.319284627654673026e-01
4.462609662931196160e+17 2.325220240053806620e-01
5.618092707585066240e+17 2.331039837379491053e-01
7.072759675397839360e+17 2.336743857784024381e-01
8.904076886875813120e+17 2.342332748294593814e-01
1.120956866146260608e+18 2.347806964574297717e-01
1.411201084317378816e+18 2.353166970686987880e-01
1.776596906199510784e+18 2.358413238865878780e-01
2.236602991730569728e+18 2.363546249285871648e-01
2.815716342385867264e+18 2.368566489839548650e-01
3.544776855835448832e+18 2.373474455916787518e-01
4.462609662953284608e+18 2.378270650187941648e-01
5.618092707612873728e+18 2.382955582390555715e-01
7.072759675432847360e+18 2.387529769119543510e-01
8.904076886919883776e+18 2.391993733620808860e-01
1.120956866151809024e+19 2.396348005588245234e-01
1.411201084324363878e+19 2.400593120964075733e-01
1.776596906208304538e+19 2.404729621742495993e-01
2.236602991741640294e+19 2.408758055776549223e-01
2.815716342399804621e+19 2.412678976588233659e-01
3.544776855852994970e+19 2.416492943181752229e-01
4.462609662975373312e+19 2.420200519859901367e-01
5.618092707640682086e+19 2.423802276043526549e-01
7.072759675467854643e+19 2.427298786094021499e-01
