# k (Mpc^-1), \Delta^2(k) matter
7.065497427219503118e-06 2.963623712872962272e-18
8.894934258092383902e-06 7.384359048678565512e-18
1.119805877375015931e-05 1.839934828633880397e-17
1.409752075303699112e-05 4.584498442153455851e-17
1.774772711929518520e-05 1.142301810531198929e-16
2.234306467207185568e-05 2.846225674906371671e-16
2.812825189303364880e-05 7.091806916782298807e-16
3.541137109748686350e-05 1.767026466745696217e-15
4.458027494109806306e-05 4.402779697502920935e-15
5.612324098811994662e-05 1.097001667878111970e-14
7.065497427219504304e-05 2.733266453068032022e-14
8.894934258092383902e-05 6.810009199121078061e-14
1.119805877375015931e-04 1.696677252616709404e-13
1.409752075303699213e-04 4.226961596268153168e-13
1.774772711929518520e-04 1.052984016053772603e-12
2.234306467207185568e-04 2.622762295196292520e-12
2.812825189303364676e-04 6.531411032672486429e-12
3.541137109748685808e-04 1.625977122714782312e-11
4.458027494109805628e-04 4.045760233829007151e-11
5.612324098811995610e-04 1.005860052832762332e-10
7.065497427219504575e-04 2.497644450293319530e-10
8.894934258092383359e-04 6.189843463685449769e-10
1.119805877375015931e-03 1.529412892821315835e-09
1.409752075303699051e-03 3.762068117101562356e-09
1.774772711929518357e-03 9.193792464917774186e-09
2.234306467207185405e-03 2.226404015600080701e-08
2.812825189303364785e-03 5.327170112860806582e-08
3.541137109748686458e-03 1.255873605752118759e-07
4.458027494109805845e-03 2.909054312751795624e-07
5.612324098811994309e-03 6.596793252590948599e-07
7.065497427219504141e-03 1.456878248732991241e-06
8.894934258092382709e-03 3.112348141199125878e-06
1.119805877372995195e-02 6.370397673881459282e-06
1.409752064115203304e-02 1.233792947408309059e-05
1.774764185751971299e-02 2.230671633694913196e-05
2.233125317294982343e-02 3.743615744805665272e-05
2.773487665832566340e-02 5.828830881602687676e-05
3.229496861238116689e-02 7.987093148743345725e-05
3.560131187572433686e-02 9.899552523525082383e-05
3.832716072311474764e-02 1.172919738126614216e-04
4.076062022472780322e-02 1.354255772701878945e-04
4.303004939149348423e-02 1.535129409671635793e-04
4.520335547684582039e-02 1.714276474314436994e-04
4.732124260234659568e-02 1.889250583086032236e-04
4.941044111061703575e-02 2.057206281133093051e-04
5.148978584305313050e-02 2.215466611803676542e-04
5.357332666802703397e-02 2.362108035470200640e-04
5.567205654476117122e-02 2.496439433686832685e-04
5.779493529032068977e-02 2.619428803822559004e-04
5.994952813418590043e-02 2.733927452608979846e-04
6.214242106487564282e-02 2.844726238786767706e-04
6.437950048864789221e-02 2.958324276375973671e-04
6.666614698420789131e-02 3.082470360015852765e-04
6.900737273251343618e-02 3.225436439168485577e-04
7.140792086712335895e-02 3.395057627469522782e-04
7.387233837541296033e-02 3.597545870923980239e-04
7.640503018604048735e-02 3.836195150243615110e-04
7.901029959691695248e-02 4.109906757111886290e-04
8.169237861825918989e-02 4.412056499690041977e-04
8.445545078014686513e-02 4.730054177204742337e-04
8.730366828089664022e-02 5.046379466833620731e-04
9.024116490293791759e-02 5.341457882637653263e-04
9.327206582709758609e-02 5.598405709885719960e-04
9.640049527580447919e-02 5.808448996612136477e-04
9.963058278652815736e-02 5.975386866367676233e-04
1.029664688320953564e-01 6.117257037493230602e-04
1.064123104492915167e-01 6.264007222730339636e-04
1.099722875061699134e-01 6.451179613665693159e-04
1.136506102139715202e-01 6.710468870659582440e-04
1.174515284793873487e-01 7.059303299994345833e-04
1.213793436811747145e-01 7.491960217038509976e-04
1.254384234518375885e-01 7.977949516733441864e-04
1.296332200402321722e-01 8.462477433225050602e-04
1.339682928339889501e-01 8.882953153065085419e-04
1.384483356283228717e-01 9.203113924230336756e-04
1.430782092527921601e-01 9.434128197177991991e-04
1.478629802028646467e-01 9.632864938971102140e-04
1.528079659921932898e-01 9.877231953372715614e-04
1.579187880397812660e-01 1.023424487662262993e-03
1.632014330538028579e-01 1.072636441688470596e-03
1.686623240782835209e-01 1.130765627263599291e-03
1.743084026543147425e-01 1.187991325292205285e-03
1.801472239272546849e-01 1.235162628672294280e-03
1.861870670402033523e-01 1.269942326257384639e-03
1.924370638281785451e-01 1.299545573677257215e-03
1.989073497171126303e-01 1.336401434516931198e-03
2.056092419111929803e-01 1.387759510884062396e-03
2.125554515231086461e-01 1.450005820166960476e-03
2.197603384098636703e-01 1.511450756225450002e-03
2.272402203373939111e-01 1.562137911909996851e-03
2.350137520210126285e-01 1.604741275851111725e-03
2.431023950435224068e-01 1.651333725031897421e-03
2.515310073529543611e-01 1.710873741419541121e-03
2.603285920710862733e-01 1.777873249268910978e-03
2.695292614297937206e-01 1.840561764761751862e-03
2.791734955356563463e-01 1.896643648389366010e-03
2.893098118612864034e-01 1.956226973352715413e-03
2.999970174406036971e-01 2.025763805416010230e-03
3.113073047817217498e-01 2.099441479532092921e-03
3.233305977414311916e-01 2.169660553251189991e-03
3.361807977820966409e-01 2.242944483669484859e-03
3.500050057062063513e-01 2.326161859139959029e-03
3.649975613826189069e-01 2.411857900979620661e-03
3.814221921713307206e-01 2.502048921365839732e-03
3.996484316920941859e-01 2.602925942653362343e-03
4.202144897823575920e-01 2.711828900247415138e-03
4.439421958577716709e-01 2.835320465120744985e-03
4.721617922002025458e-01 2.976867470804952544e-03
5.071866454911694300e-01 3.146917553633062949e-03
5.533965892177545864e-01 3.361311062209874478e-03
6.197978052762332934e-01 3.651945238535128473e-03
7.247783295082079746e-01 4.075821275606824994e-03
8.919229502993215597e-01 4.677757085595617668e-03
1.120985379662292614e+00 5.392775071366051783e-03
1.411201190427305407e+00 6.167310236493589969e-03
1.776596906136609588e+00 6.995259947129851309e-03
2.236602991579940802e+00 7.875498147055893378e-03
2.815716342195020871e+00 8.806555069504071534e-03
3.544776855593303910e+00 9.787152719634572770e-03
4.462609662646501718e+00 1.081579719641207783e-02
5.618092707223566684e+00 1.189107789002579949e-02
7.072759674942735941e+00 1.301145226974488416e-02
8.904076886297408677e+00 1.417522977997473337e-02
1.120956866072579139e+01 1.538096687050693329e-02
1.411201084224161484e+01 1.662651986159139825e-02
1.776596906080700577e+01 1.790977445563589343e-02
2.236602991579940536e+01 1.922829155303523718e-02
2.815716342195020871e+01 2.057768058040156112e-02
3.544776855593303821e+01 2.195315283705817286e-02
4.462609662646502784e+01 2.334694786431953939e-02
5.618092707223566151e+01 2.474703979852596603e-02
7.072759674942736297e+01 2.613517997766831580e-02
8.904076886297409033e+01 2.748263249157693183e-02
1.120956866072579174e+02 2.874485749451021269e-02
1.411201084224161377e+02 2.985568114274479712e-02
1.776596906080700649e+02 3.072570536647847156e-02
2.236602991579940749e+02 3.124564112732928015e-02
2.815716342195020729e+02 3.131755528870474453e-02
3.544776855593303821e+02 3.092206772735277623e-02
4.462609662646502215e+02 3.021829009529454491e-02
5.618092707223565867e+02 2.955521838545918309e-02
7.072759674942735728e+02 2.922924227119665791e-02
8.904076886297407327e+02 2.916436248361198302e-02
1.120956866072579260e+03 2.928930105801231046e-02
1.411201084224161377e+03 2.970254886651011589e-02
1.776596906080700592e+03 3.027809688940429067e-02
2.236602991579940408e+03 3.100949609032951221e-02
2.815716342195020388e+03 3.186114997082276079e-02
3.544776855593303935e+03 3.279700768908992703e-02
4.462609662646502329e+03 3.379688947537175248e-02
5.618092707223565412e+03 3.483864050627489412e-02
7.072759674942735728e+03 3.591583509358325238e-02
8.904076886297407327e+03 3.701530758609666849e-02
1.120956866072579214e+04 3.813524141505209020e-02
1.411201084224161605e+04 3.926792708897391265e-02
1.776596906080700501e+04 4.041180907529268174e-02
2.236602991579940499e+04 4.156423850370712797e-02
2.815716342195020479e+04 4.272737125232275307e-02
3.544776855593303480e+04 4.389248097213906824e-02
4.462609662646502693e+04 4.506440789288573834e-02
5.618092707223565958e+04 4.624291347610314656e-02
7.072759674942736456e+04 4.742656742439955997e-02
8.904076886302871571e+04 4.861273297827497369e-02
1.120956866074131685e+05 4.980222423199490850e-02
1.411201084226573876e+05 5.099470556800554666e-02
1.776596906085194205e+05 5.218984820829385141e-02
2.236602991586653225e+05 5.338733011272677603e-02
2.815716342204688117e+05 5.458683587869115478e-02
3.544776855607356993e+05 5.578805664201852421e-02
4.462609662666134536e+05 5.699068997918061569e-02
5.618092707251373213e+05 5.819443981073994104e-02
7.072759674977743998e+05 5.939901630604117744e-02
8.904076886346944375e+05 6.060413578912856453e-02
1.120956866079680156e+06 6.180952064587508232e-02
1.411201084233558737e+06 6.301489923230915724e-02
1.776596906093987636e+06 6.422000578412458138e-02
2.236602991597724147e+06 6.542458032736019058e-02
2.815716342218624894e+06 6.662836859023510416e-02
3.544776855624902993e+06 6.783112191612605812e-02
4.462609662688222714e+06 6.903259717767357140e-02
5.618092707279181108e+06 7.023255669200309526e-02
7.072759675012752414e+06 7.143076813704878070e-02
8.904076886391015723e+06 7.262700446896602768e-02
1.120956866085228510e+07 7.382104384062052049e-02
1.411201084240543842e+07 7.501266952114077347e-02
1.776596906102781370e+07 7.620166981652139182e-02
2.236602991608794406e+07 7.738783799126525142e-02
2.815716342232561857e+07 7.857097219105153851e-02
3.544776855642448366e+07 7.975087536641790875e-02
4.462609662710311264e+07 8.092735519744463646e-02
5.618092707306989282e+07 8.210022401942866643e-02
7.072759675047759712e+07 8.326929874953629962e-02
8.904076886435088515e+07 8.443440081442210587e-02
1.120956866090776771e+08 8.559535607880322527e-02
1.411201084247528911e+08 8.675199477497738676e-02
1.776596906111575067e+08 8.790415143327333369e-02
2.236602991619865000e+08 8.905166481342274842e-02
2.815716342246497869e+08 9.019437783684215726e-02
3.544776855659993887e+08 9.133213751981489326e-02
4.462609662732400298e+08 9.246479490756123742e-02
5.618092707334797382e+08 9.359220500918678798e-02
7.072759675082768202e+08 9.471422673349857990e-02
8.904076886479160786e+08 9.583072282567778322e-02
1.120956866096325159e+09 9.694155980479987611e-02
1.411201084254513741e+09 9.804660790219107969e-02
1.776596906120368719e+09 9.914574100061149253e-02
2.236602991630935192e+09 1.002388365742549470e-01
2.815716342260435104e+09 1.013257756295554840e-01
3.544776855677539349e+09 1.024064426467912597e-01
4.462609662754488945e+09 1.034807255224754891e-01
5.618092707362604141e+09 1.045485155125258497e-01
7.072759675117775917e+09 1.056097071762021611e-01
8.904076886523233414e+09 1.066641983208031913e-01
1.120956866101873589e+10 1.077118899471141283e-01
1.411201084261498642e+10 1.087526861955942087e-01
1.776596906129161835e+10 1.097864942932972321e-01
2.236602991642005920e+10 1.108132245015145956e-01
2.815716342274372482e+10 1.118327900641329919e-01
3.544776855695085144e+10 1.128451071566975855e-01
4.462609662776576996e+10 1.138500948361723386e-01
5.618092707390412140e+10 1.148476749913891898e-01
7.072759675152783203e+10 1.158377722941768551e-01
8.904076886567304993e+10 1.168203141511621607e-01
1.120956866107421875e+11 1.177952306562346646e-01
1.411201084268483887e+11 1.187624545436670315e-01
1.776596906137955933e+11 1.197219211418829865e-01
2.236602991653076172e+11 1.206735683278648968e-01
2.815716342288309326e+11 1.216173364821930419e-01
3.544776855712630005e+11 1.225531684447093012e-01
4.462609662798665161e+11 1.234810094707967931e-01
5.618092707418220215e+11 1.244008071882686389e-01
7.072759675187791748e+11 1.253125115548580637e-01
8.904076886611378174e+11 1.262160748163022872e-01
1.120956866112970215e+12 1.271114514650131810e-01
1.411201084275468994e+12 1.279985981993271849e-01
1.776596906146749268e+12 1.288774738833276812e-01
2.236602991664146484e+12 1.297480395072322934e-01
2.815716342302246094e+12 1.306102581483385427e-01
3.544776855730175781e+12 1.314640949325207309e-01
4.462609662820753906e+12 1.323095169962711370e-01
5.618092707446028320e+12 1.331464934492792018e-01
7.072759675222799805e+12 1.339749953375415636e-01
8.904076886655451172e+12 1.347949956069962596e-01
1.120956866118518750e+13 1.356064690676753171e-01
1.411201084282453711e+13 1.364093923583684920e-01
1.776596906155542969e+13 1.372037439117920476e-01
2.236602991675217188e+13 1.379895039202567453e-01
2.815716342316182812e+13 1.387666543018275522e-01
3.544776855747721094e+13 1.395351786669705718e-01
4.462609662842842188e+13 1.402950622856799778e-01
5.618092707473835938e+13 1.410462920550789034e-01
7.072759675257807812e+13 1.417888564674895380e-01
8.904076886699521875e+13 1.425227455789644382e-01
1.120956866124067031e+14 1.432479509782757232e-01
1.411201084289438750e+14 1.439644657563545482e-01
1.776596906164336250e+14 1.446722844761757498e-01
2.236602991686287812e+14 1.453714031430826947e-01
2.815716342330120000e+14 1.460618191755452544e-01
3.544776855765266875e+14 1.467435313763474081e-01
4.462609662864930625e+14 1.474165399041974522e-01
5.618092707501643750e+14 1.480808462457559871e-01
7.072759675292815000e+14 1.487364531880769059e-01
8.904076886743595000e+14 1.493833647914549756e-01
1.120956866129615625e+15 1.500215863626763180e-01
1.411201084296423750e+15 1.506511244286652951e-01
1.776596906173130000e+15 1.512719867105238591e-01
2.236602991697358250e+15 1.518841820979574264e-01
2.815716342344056500e+15 1.524877206240829453e-01
3.544776855782812500e+15 1.530826134406143568e-01
4.462609662887020000e+15 1.536688727934201193e-01
5.618092707529451000e+15 1.542465119984484379e-01
7.072759675327823000e+15 1.548155454180153989e-01
8.904076886787667000e+15 1.553759884374509015e-01
1.120956866135163800e+16 1.559278574420991104e-01
1.411201084303409000e+16 1.564711697946669089e-01
1.776596906181923600e+16 1.570059438129177143e-01
2.236602991708428800e+16 1.575321987477053265e-01
2.815716342357993600e+16 1.580499547613427036e-01
3.544776855800357600e+16 1.585592329063036376e-01
4.462609662909108000e+16 1.590600551042501143e-01
5.618092707557259200e+16 1.595524441253836356e-01
7.072759675362831200e+16 1.600364235681143166e-01
8.904076886831739200e+16 1.605120178390454233e-01
1.120956866140712320e+17 1.609792521332679416e-01
1.411201084310393920e+17 1.614381524149615110e-01
1.776596906190717440e+17 1.618887453982982838e-01
2.236602991719499200e+17 1.623310585286444896e-01
2.815716342371930560e+17 1.627651199640575974e-01
3.544776855817903360e+17 1.631909585570735233e-01
4.462609662931196160e+17 1.636086038367808859e-01
5.618092707585066240e+17 1.640180859911790912e-01
7.072759675397839360e+17 1.644194358498146380e-01
8.904076886875813120e+17 1.648126848666947586e-01
1.120956866146260608e+18 1.651978651034718970e-01
1.411201084317378816e+18 1.655750092128976392e-01
1.776596906199510784e+18 1.659441504225414588e-01
2.236602991730569728e+18 1.663053225187705875e-01
2.815716342385867264e+18 1.666585598309887617e-01
3.544776855835448832e+18 1.670038972161289881e-01
4.462609662953284608e+18 1.673413700433977469e-01
5.618092707612873728e+18 1.676710141792676356e-01
7.072759675432847360e+18 1.679928659727137064e-01
8.904076886919883776e+18 1.683069622406921928e-01
1.120956866151809024e+19 1.686133402538568526e-01
1.411201084324363878e+19 1.689120377225102054e-01
1.776596906208304538e+19 1.692030927827876119e-01
2.236602991741640294e+19 1.694865439830682274e-01
2.815716342399804621e+19 1.697624302706137733e-01
3.544776855852994970e+19 1.700307909784284366e-01
4.462609662975373312e+19 1.702916658123391214e-01
5.618092707640682086e+19 1.705450948382922494e-01
7.072759675467854643e+19 1.707911184698642226e-01
