# Generated by CLASS at z=37 with the cosmological parameters:
# h = 0.6736
# T_cmb = 2.7255
# omega_b = 0.02237
# N_ur = 2.0308
# omega_cdm = 0.1200
# N_ncdm = 1
# use_ncdm_psd_files = 1
# ncdm_psd_filenames = psd_FD_single.dat
# m_ncdm = 0.06
# T_ncdm = 0.71611
# -------------------------------------------------
# k (Mpc^-1),  T^2_CDM,    T^2_baryon,  T^2_matter
7.065497e-06 1.047924e-09 1.047924e-09 1.048330e-09
8.894934e-06 2.632265e-09 2.632265e-09 2.633284e-09
1.119806e-05 6.611945e-09 6.611945e-09 6.614504e-09
1.409752e-05 1.660843e-08 1.660843e-08 1.661486e-08
1.774773e-05 4.171841e-08 4.171841e-08 4.173455e-08
2.234306e-05 1.047916e-07 1.047915e-07 1.048321e-07
2.812825e-05 2.632232e-07 2.632230e-07 2.633248e-07
3.541137e-05 6.611812e-07 6.611807e-07 6.614361e-07
4.458027e-05 1.660790e-06 1.660788e-06 1.661429e-06
5.612324e-05 4.171630e-06 4.171622e-06 4.173228e-06
7.065497e-05 1.047832e-05 1.047828e-05 1.048231e-05
8.894934e-05 2.631897e-05 2.631884e-05 2.632889e-05
1.119806e-04 6.610481e-05 6.610429e-05 6.612933e-05
1.409752e-04 1.660261e-04 1.660240e-04 1.660861e-04
1.774773e-04 4.169522e-04 4.169440e-04 4.170966e-04
2.234306e-04 1.046993e-03 1.046960e-03 1.047331e-03
2.812825e-04 2.628562e-03 2.628432e-03 2.629310e-03
3.541137e-04 6.597227e-03 6.596711e-03 6.598714e-03
4.458027e-04 1.654999e-02 1.654793e-02 1.655217e-02
5.612324e-04 4.148665e-02 4.147850e-02 4.148608e-02
7.065497e-04 1.038747e-01 1.038423e-01 1.038498e-01
8.894934e-04 2.596088e-01 2.594804e-01 2.594565e-01
1.119806e-03 6.469953e-01 6.464857e-01 6.462783e-01
1.409752e-03 1.605621e+00 1.603609e+00 1.602624e+00
1.774773e-03 3.959856e+00 3.951953e+00 3.948295e+00
2.234306e-03 9.680292e+00 9.649472e+00 9.638930e+00
2.812825e-03 2.338679e+01 2.326774e+01 2.325045e+01
3.541137e-03 5.566908e+01 5.521501e+01 5.525744e+01
4.458027e-03 1.301919e+02 1.284872e+02 1.290348e+02
5.612324e-03 2.981606e+02 2.918904e+02 2.949835e+02
7.065497e-03 6.655222e+02 6.430745e+02 6.567470e+02
8.894934e-03 1.438540e+03 1.361101e+03 1.414403e+03
1.119806e-02 2.984514e+03 2.731004e+03 2.918511e+03
1.409752e-02 5.874110e+03 5.104559e+03 5.698324e+03
1.774764e-02 1.082785e+04 8.733062e+03 1.038605e+04
2.233125e-02 1.855484e+04 1.367140e+04 1.757147e+04
2.773488e-02 2.935577e+04 2.034775e+04 2.756777e+04
3.229497e-02 4.038445e+04 2.829089e+04 3.797776e+04
3.560131e-02 4.996790e+04 3.635857e+04 4.723261e+04
3.832716e-02 5.902743e+04 4.471396e+04 5.610729e+04
4.076062e-02 6.796085e+04 5.334234e+04 6.492173e+04
4.303005e-02 7.687532e+04 6.206351e+04 7.373273e+04
4.520336e-02 8.575148e+04 7.060850e+04 8.247974e+04
4.732124e-02 9.450752e+04 7.866843e+04 9.104456e+04
4.941044e-02 1.030352e+05 8.594186e+04 9.928893e+04
5.148979e-02 1.112262e+05 9.218210e+04 1.070820e+05
5.357333e-02 1.189961e+05 9.724120e+04 1.143288e+05
5.567206e-02 1.263070e+05 1.011087e+05 1.209937e+05
5.779494e-02 1.331858e+05 1.039317e+05 1.271215e+05
5.994953e-02 1.397381e+05 1.060196e+05 1.328487e+05
6.214242e-02 1.461521e+05 1.078243e+05 1.384071e+05
6.437950e-02 1.526935e+05 1.099064e+05 1.441129e+05
6.666615e-02 1.596877e+05 1.128874e+05 1.503446e+05
6.900737e-02 1.674904e+05 1.173949e+05 1.575084e+05
7.140792e-02 1.764473e+05 1.240014e+05 1.659906e+05
7.387234e-02 1.868415e+05 1.331446e+05 1.761003e+05
7.640503e-02 1.988379e+05 1.450336e+05 1.880045e+05
7.901030e-02 2.124189e+05 1.595208e+05 2.016558e+05
8.169238e-02 2.273343e+05 1.759870e+05 2.167348e+05
8.445545e-02 2.430800e+05 1.932835e+05 2.326273e+05
8.730367e-02 2.589368e+05 2.098222e+05 2.484735e+05
9.024116e-02 2.740842e+05 2.238607e+05 2.633082e+05
9.327207e-02 2.877935e+05 2.339764e+05 2.762947e+05
9.640050e-02 2.996540e+05 2.395837e+05 2.869930e+05
9.963058e-02 3.097688e+05 2.412960e+05 2.955831e+05
1.029665e-01 3.188439e+05 2.409508e+05 3.029509e+05
1.064123e-01 3.281157e+05 2.412493e+05 3.105772e+05
1.099723e-01 3.391003e+05 2.451288e+05 3.202271e+05
1.136506e-01 3.531921e+05 2.550264e+05 3.334828e+05
1.174515e-01 3.712024e+05 2.721601e+05 3.512237e+05
1.213793e-01 3.929599e+05 2.958713e+05 3.731805e+05
1.254384e-01 4.172437e+05 3.233535e+05 3.978471e+05
1.296332e-01 4.417488e+05 3.497834e+05 4.224972e+05
1.339683e-01 4.637610e+05 3.698487e+05 4.440022e+05
1.384483e-01 4.816584e+05 3.806246e+05 4.605364e+05
1.430782e-01 4.958285e+05 3.834722e+05 4.726420e+05
1.478630e-01 5.086211e+05 3.837389e+05 4.831561e+05
1.528080e-01 5.233363e+05 3.883142e+05 4.959852e+05
1.579188e-01 5.429208e+05 4.026223e+05 5.145064e+05
1.632014e-01 5.685005e+05 4.279640e+05 5.398699e+05
1.686623e-01 5.982271e+05 4.599825e+05 5.697848e+05
1.743084e-01 6.279026e+05 4.900841e+05 5.993127e+05
1.801472e-01 6.535166e+05 5.104815e+05 6.238305e+05
1.861871e-01 6.738835e+05 5.198546e+05 6.421392e+05
1.924371e-01 6.919783e+05 5.251456e+05 6.578699e+05
1.989073e-01 7.132415e+05 5.368813e+05 6.773132e+05
2.056092e-01 7.409583e+05 5.607507e+05 7.041610e+05
2.125555e-01 7.737068e+05 5.930927e+05 7.366038e+05
2.197603e-01 8.064730e+05 6.234882e+05 7.687168e+05
2.272402e-01 8.347979e+05 6.437428e+05 7.954300e+05
2.350138e-01 8.597131e+05 6.567463e+05 8.180886e+05
2.431024e-01 8.864322e+05 6.733103e+05 8.428417e+05
2.515310e-01 9.190381e+05 7.005489e+05 8.742762e+05
2.603286e-01 9.552546e+05 7.332121e+05 9.096107e+05
2.695293e-01 9.899631e+05 7.608404e+05 9.428326e+05
2.791735e-01 1.022052e+06 7.818697e+05 9.727604e+05
2.893098e-01 1.055883e+06 8.055517e+05 1.004577e+06
2.999970e-01 1.094391e+06 8.372087e+05 1.041611e+06
3.113073e-01 1.135282e+06 8.706034e+05 1.080898e+06
3.233306e-01 1.175121e+06 8.994822e+05 1.118537e+06
3.361808e-01 1.216696e+06 9.301021e+05 1.157900e+06
3.500050e-01 1.263325e+06 9.673806e+05 1.202560e+06
3.649976e-01 1.311807e+06 1.004443e+06 1.248700e+06
3.814222e-01 1.363115e+06 1.042914e+06 1.297398e+06
3.996484e-01 1.420248e+06 1.087447e+06 1.351919e+06
4.202145e-01 1.482356e+06 1.134577e+06 1.410964e+06
4.439422e-01 1.552796e+06 1.188792e+06 1.478064e+06
4.721618e-01 1.633872e+06 1.250718e+06 1.555214e+06
5.071866e-01 1.731527e+06 1.325593e+06 1.648188e+06
5.533966e-01 1.855152e+06 1.420291e+06 1.765872e+06
6.197978e-01 2.023577e+06 1.549306e+06 1.926204e+06
7.247783e-01 2.270872e+06 1.738733e+06 2.161615e+06
8.919230e-01 2.625276e+06 2.010205e+06 2.498988e+06
1.120985e+00 3.050922e+06 2.336243e+06 2.904178e+06
1.411201e+00 3.517400e+06 2.693552e+06 3.348238e+06
1.776597e+00 4.021965e+06 3.080019e+06 3.828550e+06
2.236603e+00 4.564798e+06 3.495773e+06 4.345288e+06
2.815716e+00 5.145879e+06 3.940770e+06 4.898426e+06
3.544777e+00 5.765290e+06 4.415032e+06 5.488035e+06
4.462610e+00 6.422977e+06 4.918439e+06 6.114051e+06
5.618093e+00 7.118932e+06 5.450855e+06 6.776442e+06
7.072760e+00 7.853067e+06 6.011988e+06 7.475088e+06
8.904077e+00 8.625220e+06 6.601326e+06 8.209763e+06
1.120957e+01 9.435405e+06 7.218220e+06 8.980368e+06
1.411201e+01 1.028327e+07 7.861281e+06 9.786375e+06
1.776597e+01 1.116861e+07 8.528440e+06 1.062724e+07
2.236603e+01 1.209119e+07 9.216321e+06 1.150221e+07
2.815716e+01 1.304994e+07 9.918698e+06 1.240929e+07
3.544777e+01 1.404412e+07 1.062599e+07 1.334619e+07
4.462610e+01 1.507207e+07 1.132200e+07 1.430871e+07
5.618093e+01 1.613105e+07 1.198021e+07 1.528987e+07
7.072760e+01 1.721688e+07 1.255816e+07 1.627856e+07
8.904077e+01 1.832257e+07 1.298927e+07 1.725674e+07
1.120957e+02 1.943657e+07 1.317364e+07 1.819578e+07
1.411201e+02 2.054068e+07 1.297285e+07 1.905230e+07
1.776597e+02 2.160902e+07 1.222210e+07 1.976662e+07
2.236603e+02 2.260500e+07 1.078116e+07 2.026422e+07
2.815716e+02 2.348504e+07 8.652773e+06 2.047568e+07
3.544777e+02 2.420986e+07 6.133442e+06 2.038117e+07
4.462610e+02 2.477751e+07 3.818374e+06 2.007892e+07
5.618093e+02 2.525898e+07 2.233516e+06 1.979770e+07
7.072760e+02 2.579515e+07 1.362094e+06 1.973822e+07
8.904077e+02 2.649241e+07 7.826700e+05 1.985423e+07
1.120957e+03 2.733522e+07 3.912903e+05 2.010109e+07
1.411201e+03 2.830247e+07 2.044099e+05 2.055011e+07
1.776597e+03 2.938375e+07 9.617886e+04 2.111831e+07
2.236603e+03 3.055551e+07 4.379424e+04 2.180395e+07
2.815716e+03 3.180186e+07 1.971481e+04 2.258458e+07
3.544777e+03 3.310908e+07 8.630967e+03 2.343661e+07
4.462610e+03 3.446943e+07 3.699989e+03 2.434710e+07
5.618093e+03 3.587035e+07 1.565178e+03 2.530123e+07
7.072760e+03 3.731297e+07 6.574848e+02 2.629520e+07
8.904077e+03 3.878948e+07 2.745477e+02 2.732007e+07
1.120957e+04 4.030206e+07 1.142678e+02 2.837507e+07
1.411201e+04 4.184552e+07 4.741580e+01 2.945496e+07
1.776597e+04 4.342029e+07 1.963511e+01 3.055898e+07
2.236603e+04 4.502507e+07 8.118363e+00 3.168548e+07
2.815716e+04 4.666337e+07 3.352900e+00 3.283649e+07
3.544777e+04 4.832658e+07 1.383165e+00 3.400562e+07
4.462610e+04 5.002069e+07 5.690755e-01 3.519688e+07
5.618093e+04 5.174613e+07 2.214738e-01 3.641042e+07
7.072760e+04 5.350202e+07 4.791953e-02 3.764543e+07
8.904077e+04 5.528515e+07 0.000000e+00 3.890009e+07
1.120957e+05 5.709752e+07 0.000000e+00 4.017531e+07
1.411201e+05 5.893911e+07 0.000000e+00 4.147110e+07
1.776597e+05 6.080993e+07 0.000000e+00 4.278746e+07
2.236603e+05 6.270998e+07 0.000000e+00 4.412439e+07
2.815716e+05 6.463926e+07 0.000000e+00 4.548188e+07
3.544777e+05 6.659777e+07 0.000000e+00 4.685994e+07
4.462610e+05 6.858551e+07 0.000000e+00 4.825857e+07
5.618093e+05 7.060248e+07 0.000000e+00 4.967776e+07
7.072760e+05 7.264868e+07 0.000000e+00 5.111752e+07
8.904077e+05 7.472411e+07 0.000000e+00 5.257784e+07
1.120957e+06 7.682876e+07 0.000000e+00 5.405874e+07
1.411201e+06 7.896265e+07 0.000000e+00 5.556020e+07
1.776597e+06 8.112577e+07 0.000000e+00 5.708222e+07
2.236603e+06 8.331811e+07 0.000000e+00 5.862481e+07
2.815716e+06 8.553969e+07 0.000000e+00 6.018797e+07
3.544777e+06 8.779049e+07 0.000000e+00 6.177169e+07
4.462610e+06 9.007052e+07 0.000000e+00 6.337599e+07
5.618093e+06 9.237979e+07 0.000000e+00 6.500084e+07
7.072760e+06 9.471828e+07 0.000000e+00 6.664627e+07
8.904077e+06 9.708600e+07 0.000000e+00 6.831226e+07
1.120957e+07 9.948295e+07 0.000000e+00 6.999882e+07
1.411201e+07 1.019091e+08 0.000000e+00 7.170594e+07
1.776597e+07 1.043645e+08 0.000000e+00 7.343363e+07
2.236603e+07 1.068492e+08 0.000000e+00 7.518189e+07
2.815716e+07 1.093630e+08 0.000000e+00 7.695071e+07
3.544777e+07 1.119061e+08 0.000000e+00 7.874010e+07
4.462610e+07 1.144785e+08 0.000000e+00 8.055006e+07
5.618093e+07 1.170800e+08 0.000000e+00 8.238058e+07
7.072760e+07 1.197108e+08 0.000000e+00 8.423167e+07
8.904077e+07 1.223708e+08 0.000000e+00 8.610333e+07
1.120957e+08 1.250601e+08 0.000000e+00 8.799555e+07
1.411201e+08 1.277785e+08 0.000000e+00 8.990834e+07
1.776597e+08 1.305262e+08 0.000000e+00 9.184170e+07
2.236603e+08 1.333032e+08 0.000000e+00 9.379562e+07
2.815716e+08 1.361093e+08 0.000000e+00 9.577011e+07
3.544777e+08 1.389447e+08 0.000000e+00 9.776516e+07
4.462610e+08 1.418094e+08 0.000000e+00 9.978079e+07
5.618093e+08 1.447032e+08 0.000000e+00 1.018170e+08
7.072760e+08 1.476263e+08 0.000000e+00 1.038737e+08
8.904077e+08 1.505786e+08 0.000000e+00 1.059511e+08
1.120957e+09 1.535601e+08 0.000000e+00 1.080489e+08
1.411201e+09 1.565709e+08 0.000000e+00 1.101674e+08
1.776597e+09 1.596109e+08 0.000000e+00 1.123064e+08
2.236603e+09 1.626801e+08 0.000000e+00 1.144660e+08
2.815716e+09 1.657786e+08 0.000000e+00 1.166462e+08
3.544777e+09 1.689063e+08 0.000000e+00 1.188469e+08
4.462610e+09 1.720632e+08 0.000000e+00 1.210682e+08
5.618093e+09 1.752493e+08 0.000000e+00 1.233100e+08
7.072760e+09 1.784647e+08 0.000000e+00 1.255724e+08
8.904077e+09 1.817093e+08 0.000000e+00 1.278554e+08
1.120957e+10 1.849831e+08 0.000000e+00 1.301590e+08
1.411201e+10 1.882862e+08 0.000000e+00 1.324831e+08
1.776597e+10 1.916185e+08 0.000000e+00 1.348278e+08
2.236603e+10 1.949800e+08 0.000000e+00 1.371930e+08
2.815716e+10 1.983707e+08 0.000000e+00 1.395789e+08
3.544777e+10 2.017907e+08 0.000000e+00 1.419853e+08
4.462610e+10 2.052399e+08 0.000000e+00 1.444122e+08
5.618093e+10 2.087184e+08 0.000000e+00 1.468597e+08
7.072760e+10 2.122260e+08 0.000000e+00 1.493278e+08
8.904077e+10 2.157629e+08 0.000000e+00 1.518165e+08
1.120957e+11 2.193291e+08 0.000000e+00 1.543257e+08
1.411201e+11 2.229244e+08 0.000000e+00 1.568555e+08
1.776597e+11 2.265490e+08 0.000000e+00 1.594058e+08
2.236603e+11 2.302028e+08 0.000000e+00 1.619767e+08
2.815716e+11 2.338859e+08 0.000000e+00 1.645682e+08
3.544777e+11 2.375981e+08 0.000000e+00 1.671803e+08
4.462610e+11 2.413396e+08 0.000000e+00 1.698129e+08
5.618093e+11 2.451104e+08 0.000000e+00 1.724661e+08
7.072760e+11 2.489103e+08 0.000000e+00 1.751398e+08
8.904077e+11 2.527395e+08 0.000000e+00 1.778342e+08
1.120957e+12 2.565979e+08 0.000000e+00 1.805490e+08
1.411201e+12 2.604856e+08 0.000000e+00 1.832845e+08
1.776597e+12 2.644025e+08 0.000000e+00 1.860405e+08
2.236603e+12 2.683486e+08 0.000000e+00 1.888171e+08
2.815716e+12 2.723239e+08 0.000000e+00 1.916142e+08
3.544777e+12 2.763285e+08 0.000000e+00 1.944320e+08
4.462610e+12 2.803623e+08 0.000000e+00 1.972703e+08
5.618093e+12 2.844253e+08 0.000000e+00 2.001291e+08
7.072760e+12 2.885175e+08 0.000000e+00 2.030085e+08
8.904077e+12 2.926390e+08 0.000000e+00 2.059085e+08
1.120957e+13 2.967897e+08 0.000000e+00 2.088291e+08
1.411201e+13 3.009697e+08 0.000000e+00 2.117702e+08
1.776597e+13 3.051789e+08 0.000000e+00 2.147319e+08
2.236603e+13 3.094173e+08 0.000000e+00 2.177141e+08
2.815716e+13 3.136849e+08 0.000000e+00 2.207169e+08
3.544777e+13 3.179817e+08 0.000000e+00 2.237403e+08
4.462610e+13 3.223078e+08 0.000000e+00 2.267843e+08
5.618093e+13 3.266631e+08 0.000000e+00 2.298488e+08
7.072760e+13 3.310477e+08 0.000000e+00 2.329339e+08
8.904077e+13 3.354615e+08 0.000000e+00 2.360395e+08
1.120957e+14 3.399045e+08 0.000000e+00 2.391657e+08
1.411201e+14 3.443767e+08 0.000000e+00 2.423125e+08
1.776597e+14 3.488782e+08 0.000000e+00 2.454799e+08
2.236603e+14 3.534089e+08 0.000000e+00 2.486678e+08
2.815716e+14 3.579688e+08 0.000000e+00 2.518763e+08
3.544777e+14 3.625580e+08 0.000000e+00 2.551053e+08
4.462610e+14 3.671763e+08 0.000000e+00 2.583549e+08
5.618093e+14 3.718239e+08 0.000000e+00 2.616251e+08
7.072760e+14 3.765008e+08 0.000000e+00 2.649158e+08
8.904077e+14 3.812069e+08 0.000000e+00 2.682272e+08
1.120957e+15 3.859422e+08 0.000000e+00 2.715590e+08
1.411201e+15 3.907067e+08 0.000000e+00 2.749115e+08
1.776597e+15 3.955005e+08 0.000000e+00 2.782845e+08
2.236603e+15 4.003234e+08 0.000000e+00 2.816781e+08
2.815716e+15 4.051757e+08 0.000000e+00 2.850922e+08
3.544777e+15 4.100571e+08 0.000000e+00 2.885269e+08
4.462610e+15 4.149678e+08 0.000000e+00 2.919822e+08
5.618093e+15 4.199077e+08 0.000000e+00 2.954581e+08
7.072760e+15 4.248768e+08 0.000000e+00 2.989545e+08
8.904077e+15 4.298752e+08 0.000000e+00 3.024715e+08
1.120957e+16 4.349028e+08 0.000000e+00 3.060090e+08
1.411201e+16 4.399596e+08 0.000000e+00 3.095671e+08
1.776597e+16 4.450457e+08 0.000000e+00 3.131458e+08
2.236603e+16 4.501609e+08 0.000000e+00 3.167451e+08
2.815716e+16 4.553054e+08 0.000000e+00 3.203649e+08
3.544777e+16 4.604792e+08 0.000000e+00 3.240053e+08
4.462610e+16 4.656822e+08 0.000000e+00 3.276662e+08
5.618093e+16 4.709144e+08 0.000000e+00 3.313477e+08
7.072760e+16 4.761758e+08 0.000000e+00 3.350498e+08
8.904077e+16 4.814664e+08 0.000000e+00 3.387724e+08
1.120957e+17 4.867863e+08 0.000000e+00 3.425157e+08
1.411201e+17 4.921355e+08 0.000000e+00 3.462794e+08
1.776597e+17 4.975138e+08 0.000000e+00 3.500638e+08
2.236603e+17 5.029214e+08 0.000000e+00 3.538687e+08
2.815716e+17 5.083582e+08 0.000000e+00 3.576942e+08
3.544777e+17 5.138242e+08 0.000000e+00 3.615402e+08
4.462610e+17 5.193195e+08 0.000000e+00 3.654068e+08
5.618093e+17 5.248440e+08 0.000000e+00 3.692940e+08
7.072760e+17 5.303977e+08 0.000000e+00 3.732017e+08
8.904077e+17 5.359806e+08 0.000000e+00 3.771301e+08
1.120957e+18 5.415928e+08 0.000000e+00 3.810789e+08
1.411201e+18 5.472342e+08 0.000000e+00 3.850484e+08
1.776597e+18 5.529049e+08 0.000000e+00 3.890384e+08
2.236603e+18 5.586047e+08 0.000000e+00 3.930490e+08
2.815716e+18 5.643338e+08 0.000000e+00 3.970801e+08
3.544777e+18 5.700922e+08 0.000000e+00 4.011318e+08
4.462610e+18 5.758797e+08 0.000000e+00 4.052041e+08
5.618093e+18 5.816965e+08 0.000000e+00 4.092969e+08
7.072760e+18 5.875425e+08 0.000000e+00 4.134104e+08
8.904077e+18 5.934178e+08 0.000000e+00 4.175443e+08
1.120957e+19 5.993223e+08 0.000000e+00 4.216989e+08
1.411201e+19 6.052560e+08 0.000000e+00 4.258740e+08
1.776597e+19 6.112189e+08 0.000000e+00 4.300697e+08
2.236603e+19 6.172111e+08 0.000000e+00 4.342859e+08
2.815716e+19 6.232324e+08 0.000000e+00 4.385227e+08
3.544777e+19 6.292831e+08 0.000000e+00 4.427801e+08
4.462610e+19 6.353629e+08 0.000000e+00 4.470580e+08
5.618093e+19 6.414720e+08 0.000000e+00 4.513565e+08
7.072760e+19 6.476103e+08 0.000000e+00 4.556756e+08
