# k (h Mpc^-1), T^2(k) matter
1.048915888838999963e-05 1.048329764208450942e-09
1.320506867293999975e-05 2.633283758989037256e-09
1.662419651684999891e-05 6.614504188333438803e-09
2.092862344572000009e-05 1.661485995146512322e-08
2.634757588969000071e-05 4.173454860253196796e-08
3.316963282671000026e-05 1.048320762735127022e-07
4.175809366543000161e-05 2.633247971541031280e-07
5.257032526348999702e-05 6.614361238438888574e-07
6.618211838049000567e-05 1.661429091170398101e-06
8.331835063556999453e-05 4.173228295086925019e-06
1.048915888838999996e-04 1.048230583039971206e-05
1.320506867294000009e-04 2.632889023804381784e-05
1.662419651684999959e-04 6.612932544845883493e-05
2.092862344572000077e-04 1.660860504066863342e-04
2.634757588969000139e-04 4.170965851556554765e-04
3.316963282671000026e-04 1.047330586712566514e-03
4.175809366542999890e-04 2.629310470792603407e-03
5.257032526348999566e-04 6.598713704982164634e-03
6.618211838048999483e-04 1.655217223552617190e-02
8.331835063557000267e-04 4.148608149639451681e-02
1.048915888839000105e-03 1.038497535665932336e-01
1.320506867294000009e-03 2.594564798914084647e-01
1.662419651685000067e-03 6.462783423188815934e-01
2.092862344571999860e-03 1.602623512774312031e+00
2.634757588969000031e-03 3.948294614362368282e+00
3.316963282670999918e-03 9.638930126802490506e+00
4.175809366542999890e-03 2.325045310182402858e+01
5.257032526349000000e-03 5.525744353151237931e+01
6.618211838048999700e-03 1.290347501203873719e+02
8.331835063556999182e-03 2.949835030018468274e+02
1.048915888839000062e-02 6.567470258827659109e+02
1.320506867293999922e-02 1.414402534178493624e+03
1.662419651682000080e-02 2.918511437053954069e+03
2.092862327962000113e-02 5.698323995147871756e+03
2.634744931342000024e-02 1.038605042525416502e+04
3.315209794084000156e-02 1.757146856711177679e+04
4.117410430274000277e-02 2.756776899737744316e+04
4.794383701363000294e-02 3.797775848865069565e+04
5.285230385351000204e-02 4.723261232104323426e+04
5.689899157231999988e-02 5.610729395227105124e+04
6.051160959727999722e-02 6.492173119775667874e+04
6.388071465483000089e-02 7.373273247369012097e+04
6.710711917584000208e-02 8.247974337050163012e+04
7.025125089422000479e-02 9.104455564242527180e+04
7.335279262265000100e-02 9.928892857861961238e+04
7.643970582400999580e-02 1.070820223419184767e+05
7.953284837889999792e-02 1.143288403861104889e+05
8.264854000113000532e-02 1.209937249376991385e+05
8.580008208183000085e-02 1.271214609277405107e+05
8.899870566239000136e-02 1.328486702267848596e+05
9.225418804167999365e-02 1.384070934230842977e+05
9.557526794633000589e-02 1.441128687422508374e+05
9.896993317133000179e-02 1.503446340802520863e+05
1.024456246029000067e-01 1.575083801049575268e+05
1.060093837101000053e-01 1.659906378323563549e+05
1.096679607710999982e-01 1.761002603907064185e+05
1.134278951693000054e-01 1.880044883704927925e+05
1.172955754111000004e-01 2.016557510961187072e+05
1.212772841719999967e-01 2.167347666482993518e+05
1.253792321557999911e-01 2.326273063854546926e+05
1.296075835524000130e-01 2.484735072542740672e+05
1.339684752122000111e-01 2.633082448686997523e+05
1.384680312159999871e-01 2.762947254948227201e+05
1.431123742218000094e-01 2.869930023295885767e+05
1.479076347781000111e-01 2.955830703968169983e+05
1.528599596675999928e-01 3.029509353209778201e+05
1.579755202631999977e-01 3.105772282060321886e+05
1.632605218321999951e-01 3.202271286517233821e+05
1.687212146882000052e-01 3.334827547860092018e+05
1.743639080750999937e-01 3.512237100699241855e+05
1.801949876502000059e-01 3.731804548270338564e+05
1.862209374284999885e-01 3.978470504041838576e+05
1.924483670431000049e-01 4.224971767067065230e+05
1.988840451811000054e-01 4.440021651224573143e+05
2.055349400658000036e-01 4.605363800315819099e+05
2.124082678930999946e-01 4.726420401908890926e+05
2.195115501824000115e-01 4.831561179876356618e+05
2.268526811048000025e-01 4.959852054531800677e+05
2.344400059972999995e-01 5.145063934312287020e+05
2.422824124907999865e-01 5.398698870593459578e+05
2.503894359832000149e-01 5.697848245647017611e+05
2.587713816127000244e-01 5.993127094338010065e+05
2.674394654501999757e-01 6.238305170273813419e+05
2.764059783851000041e-01 6.421391829833838856e+05
2.856844771795999938e-01 6.578698657429162413e+05
2.952900084874000020e-01 6.773131733504618751e+05
3.052393733836000211e-01 7.041609772584507009e+05
3.155514422849000078e-01 7.366038195836936356e+05
3.262475332688000162e-01 7.687167926402577432e+05
3.373518710471999915e-01 7.954299664669419872e+05
3.488921496749000095e-01 8.180886030784578761e+05
3.609002301715000249e-01 8.428416680651708739e+05
3.734130156664999811e-01 8.742762255410670768e+05
3.864735630509000264e-01 9.096106952444973867e+05
4.001325139990999924e-01 9.428326397743665148e+05
4.144499636812000176e-01 9.727603716900983127e+05
4.294979392239999805e-01 1.004576547468995443e+06
4.453637432313000133e-01 1.041610998261920409e+06
4.621545498540999830e-01 1.080897876093862811e+06
4.800038565045000039e-01 1.118536965165635338e+06
4.990807568023999941e-01 1.157900331666588318e+06
5.196036307989999603e-01 1.202560354418824194e+06
5.418609878008000535e-01 1.248699793287179898e+06
5.662443470476999918e-01 1.297397603167962981e+06
5.933023035808999701e-01 1.351918959983109497e+06
6.238338625035000362e-01 1.410964421475915005e+06
6.590590793613000375e-01 1.478064054248858709e+06
7.009527793945999896e-01 1.555213559466808336e+06
7.529492955629000228e-01 1.648187819309615064e+06
8.215507559646000324e-01 1.765872040500207804e+06
9.201273831298000250e-01 1.926203545668457868e+06
1.075977330029999957e+00 2.161614672877019737e+06
1.324113643555999920e+00 2.498987593596337363e+06
1.664170694272999906e+00 2.904177857717257459e+06
2.095013643745999854e+00 3.348237932075247634e+06
2.637465715760999974e+00 3.828550441298797261e+06
3.320372612203000173e+00 4.345287830409507267e+06
4.180101458128000047e+00 4.898426216506896541e+06
5.262435949514999933e+00 5.488035105108818971e+06
6.625014344783999753e+00 6.114050914239730686e+06
8.340398912149000310e+00 6.776442217682128772e+06
1.049994013501000012e+01 7.475087635067807510e+06
1.321864145828000048e+01 8.209763057894146070e+06
1.664128364121999937e+01 8.980368385663287714e+06
2.095013486080999954e+01 9.786375400605259463e+06
2.637465715677999967e+01 1.062724351601061411e+07
3.320372612202999818e+01 1.150220792844066396e+07
4.180101458128000047e+01 1.240929009099326096e+07
5.262435949515000289e+01 1.334619348051992059e+07
6.625014344784000286e+01 1.430871485433740728e+07
8.340398912148999955e+01 1.528986927696713433e+07
1.049994013501000012e+02 1.627856098112431914e+07
1.321864145828000119e+02 1.725674358110567555e+07
1.664128364121999937e+02 1.819577992754079029e+07
2.095013486080999883e+02 1.905230386472073570e+07
2.637465715678000038e+02 1.976661836119623482e+07
3.320372612203000244e+02 2.026422299546317011e+07
4.180101458127999763e+02 2.047568163886687160e+07
5.262435949514999720e+02 2.038116677056123316e+07
6.625014344784000286e+02 2.007892241933093220e+07
8.340398912148999671e+02 1.979769769084520638e+07
1.049994013500999927e+03 1.973822396954670176e+07
1.321864145827999891e+03 1.985422791585825011e+07
1.664128364121999994e+03 2.010108609323208407e+07
2.095013486080999883e+03 2.055011396323427930e+07
2.637465715677999924e+03 2.111830656179259345e+07
3.320372612202999790e+03 2.180395236393468454e+07
4.180101458127999649e+03 2.258457708380719274e+07
5.262435949515000175e+03 2.343660698375964910e+07
6.625014344784000059e+03 2.434710042337391898e+07
8.340398912148999443e+03 2.530123468337370455e+07
1.049994013500999972e+04 2.629520036682110652e+07
1.321864145828000073e+04 2.732007442999013886e+07
1.664128364122000130e+04 2.837507483789622039e+07
2.095013486081000156e+04 2.945496367906967178e+07
2.637465715677999833e+04 3.055897675453283265e+07
3.320372612202999881e+04 3.168548388367060199e+07
4.180101458127999649e+04 3.283648713064203411e+07
5.262435949514999811e+04 3.400561590509813279e+07
6.625014344784000423e+04 3.519688140204500407e+07
8.340398912148999807e+04 3.641042129348614067e+07
1.049994013501000009e+05 3.764542535705582052e+07
1.321864145828811161e+05 3.890008525395230204e+07
1.664128364124304790e+05 4.017531170256522298e+07
2.095013486084581236e+05 4.147110470289458334e+07
2.637465715684670722e+05 4.278746425494039059e+07
3.320372612212965032e+05 4.412439035870260745e+07
4.180101458142351476e+05 4.548188301418130845e+07
5.262435949535862310e+05 4.685994222137644142e+07
6.625014344813144999e+05 4.825856798028800637e+07
8.340398912190281553e+05 4.967776029091601074e+07
1.049994013506197138e+06 5.111751915326045454e+07
1.321864145835353993e+06 5.257784456732133776e+07
1.664128364132541697e+06 5.405873653309865296e+07
2.095013486094950698e+06 5.556019505059243739e+07
2.637465715697725303e+06 5.708222011980265379e+07
3.320372612229400314e+06 5.862481174072930217e+07
4.180101458163041621e+06 6.018796991337239742e+07
5.262435949561910704e+06 6.177169463773190230e+07
6.625014344845936634e+06 6.337598591380789131e+07
8.340398912231563590e+06 6.500084374160030484e+07
1.049994013511394337e+07 6.664626812110916525e+07
1.321864145841896720e+07 6.831225905233445764e+07
1.664128364140778594e+07 6.999881653527617455e+07
2.095013486105320603e+07 7.170594056993436813e+07
2.637465715710780025e+07 7.343363115630899370e+07
3.320372612245834991e+07 7.518188829440005124e+07
4.180101458183731884e+07 7.695071198420754075e+07
5.262435949587957561e+07 7.874010222573146224e+07
6.625014344878728688e+07 8.055005901897187531e+07
8.340398912272846699e+07 8.238058236392867565e+07
1.049994013516591489e+08 8.423167226060195267e+07
1.321864145848439634e+08 8.610332870899164677e+07
1.664128364149015546e+08 8.799555170909778774e+07
2.095013486115690172e+08 8.990834126092037559e+07
2.637465715723834634e+08 9.184169736445938051e+07
3.320372612262269855e+08 9.379562001971486211e+07
4.180101458204421401e+08 9.577010922668676078e+07
5.262435949614005089e+08 9.776516498537510633e+07
6.625014344911520481e+08 9.978078729577989876e+07
8.340398912314128876e+08 1.018169761579011083e+08
1.049994013521788597e+09 1.038737315717388093e+08
1.321864145854982376e+09 1.059510535372929126e+08
1.664128364157252312e+09 1.080489420545634627e+08
2.095013486126059771e+09 1.101673971235504448e+08
2.637465715736889362e+09 1.123064187442538589e+08
3.320372612278704643e+09 1.144660069166737497e+08
4.180101458225111961e+09 1.166461616408100426e+08
5.262435949640052795e+09 1.188468829166628420e+08
6.625014344944312096e+09 1.210681707442320287e+08
8.340398912355410576e+09 1.233100251235176325e+08
1.049994013526985741e+10 1.255724460545197278e+08
1.321864145861525154e+10 1.278554335372382253e+08
1.664128364165489388e+10 1.301589875716731995e+08
2.095013486136429214e+10 1.324831081578246057e+08
2.637465715749943542e+10 1.348277952956924438e+08
3.320372612295139694e+10 1.371930489852767289e+08
4.180101458245802307e+10 1.395788692265774310e+08
5.262435949666100311e+10 1.419852560195946097e+08
6.625014344977103424e+10 1.444122093643282056e+08
8.340398912396693420e+10 1.468597292607782483e+08
1.049994013532182922e+11 1.493278157089447379e+08
1.321864145868067932e+11 1.518164687088276446e+08
1.664128364173726196e+11 1.543256882604270279e+08
2.095013486146799316e+11 1.568554743637428284e+08
2.637465715762998657e+11 1.594058270187750757e+08
3.320372612311574097e+11 1.619767462255237699e+08
4.180101458266492310e+11 1.645682319839889109e+08
5.262435949692147217e+11 1.671802842941704690e+08
6.625014345009895020e+11 1.698129031560685039e+08
8.340398912437974854e+11 1.724660885696829259e+08
1.049994013537380005e+12 1.751398405350138247e+08
1.321864145874610840e+12 1.778341590520611703e+08
1.664128364181963135e+12 1.805490441208249331e+08
2.095013486157168945e+12 1.832844957413051426e+08
2.637465715776053223e+12 1.860405139135017991e+08
3.320372612328008789e+12 1.888170986374148726e+08
4.180101458287182617e+12 1.916142499130444527e+08
5.262435949718194336e+12 1.944319677403904200e+08
6.625014345042686523e+12 1.972702521194528341e+08
8.340398912479257812e+12 2.001291030502316058e+08
1.049994013542577148e+13 2.030085205327269733e+08
1.321864145881153711e+13 2.059085045669387281e+08
1.664128364190200000e+13 2.088290551528669000e+08
2.095013486167538281e+13 2.117701722905115485e+08
2.637465715789107812e+13 2.147318559798724949e+08
3.320372612344443750e+13 2.177141062209500968e+08
4.180101458307872656e+13 2.207169230137440264e+08
5.262435949744242188e+13 2.237403063582544029e+08
6.625014345075478906e+13 2.267842562544812262e+08
8.340398912520540625e+13 2.298487727024244070e+08
1.049994013547774375e+14 2.329338557020842135e+08
1.321864145887696250e+14 2.360395052534603477e+08
1.664128364198436875e+14 2.391657213565529287e+08
2.095013486177908125e+14 2.423125040113619566e+08
2.637465715802162188e+14 2.454798532178873718e+08
3.320372612360878750e+14 2.486677689761293530e+08
4.180101458328563125e+14 2.518762512860876918e+08
5.262435949770289375e+14 2.551053001477625072e+08
6.625014345108270000e+14 2.583549155611537397e+08
8.340398912561822500e+14 2.616250975262613297e+08
1.049994013552971375e+15 2.649158460430855155e+08
1.321864145894239250e+15 2.682271611116260588e+08
1.664128364206674000e+15 2.715590427318830490e+08
2.095013486188277750e+15 2.749114909038564563e+08
2.637465715815217000e+15 2.782845056275462508e+08
3.320372612377313500e+15 2.816780869029526711e+08
4.180101458349253000e+15 2.850922347300754189e+08
5.262435949796337000e+15 2.885269491089146137e+08
6.625014345141063000e+15 2.919822300394702554e+08
8.340398912603104000e+15 2.954580775217422843e+08
1.049994013558168600e+16 2.989544915557308793e+08
1.321864145900782000e+16 3.024714721414358616e+08
1.664128364214910800e+16 3.060090192788572907e+08
2.095013486198647600e+16 3.095671329679951072e+08
2.637465715828271600e+16 3.131458132088492513e+08
3.320372612393748400e+16 3.167450600014201403e+08
4.180101458369943200e+16 3.203648733457072973e+08
5.262435949822384000e+16 3.240052532417109013e+08
6.625014345173854400e+16 3.276661996894308329e+08
8.340398912644387200e+16 3.313477126888674498e+08
1.049994013563365760e+17 3.350497922400203347e+08
1.321864145907324800e+17 3.387724383428897262e+08
1.664128364223147840e+17 3.425156509974755645e+08
2.095013486209017280e+17 3.462794302037777305e+08
2.637465715841326400e+17 3.500637759617964625e+08
3.320372612410183040e+17 3.538686882715315819e+08
4.180101458390633600e+17 3.576941671329831481e+08
5.262435949848432000e+17 3.615402125461511612e+08
6.625014345206645760e+17 3.654068245110355020e+08
8.340398912685669120e+17 3.692940030276365280e+08
1.049994013568562816e+18 3.732017480959538817e+08
1.321864145913867776e+18 3.771300597159876227e+08
1.664128364231384576e+18 3.810789378877379298e+08
2.095013486219386624e+18 3.850483826112044454e+08
2.637465715854380544e+18 3.890383938863875866e+08
3.320372612426617856e+18 3.930489717132871747e+08
4.180101458411323392e+18 3.970801160919031501e+08
5.262435949874479104e+18 4.011318270222355723e+08
6.625014345239437312e+18 4.052041045042843223e+08
8.340398912726950912e+18 4.092969485380497575e+08
1.049994013573760000e+19 4.134103591235315204e+08
1.321864145920410419e+19 4.175443362607296705e+08
1.664128364239621530e+19 4.216988799496443272e+08
2.095013486229756314e+19 4.258739901902752519e+08
2.637465715867435418e+19 4.300696669826228619e+08
3.320372612443052851e+19 4.342859103266867995e+08
4.180101458432013926e+19 4.385227202224672437e+08
5.262435949900527206e+19 4.427800966699640155e+08
6.625014345272229069e+19 4.470580396691771746e+08
8.340398912768234291e+19 4.513565492201069593e+08
1.049994013578957128e+20 4.556756253227531314e+08
