# k (h Mpc^-1), T^2(k) dark matter
1.048915888838999963e-05 1.047924100074689136e-09
1.320506867293999975e-05 2.632264877350761760e-09
1.662419651684999891e-05 6.611945273586895354e-09
2.092862344572000009e-05 1.660843384201614774e-08
2.634757588969000071e-05 4.171841329010415822e-08
3.316963282671000026e-05 1.047915714595364126e-07
4.175809366543000161e-05 2.632231542123164349e-07
5.257032526348999702e-05 6.611812085923100592e-07
6.618211838049000567e-05 1.660790366360767891e-06
8.331835063556999453e-05 4.171630233091502307e-06
1.048915888838999996e-04 1.047831692211891780e-05
1.320506867294000009e-04 2.631897100095584679e-05
1.662419651684999959e-04 6.610480907417713736e-05
2.092862344572000077e-04 1.660260573025844431e-04
2.634757588969000139e-04 4.169522055930844425e-04
3.316963282671000026e-04 1.046993000635088305e-03
4.175809366542999890e-04 2.628561914683965033e-03
5.257032526348999566e-04 6.597226589728779136e-03
6.618211838048999483e-04 1.654998555912003816e-02
8.331835063557000267e-04 4.148665215382788679e-02
1.048915888839000105e-03 1.038746929337264480e-01
1.320506867294000009e-03 2.596088459365445966e-01
1.662419651685000067e-03 6.469952854361477046e-01
2.092862344571999860e-03 1.605621374202450991e+00
2.634757588969000031e-03 3.959855856883756964e+00
3.316963282670999918e-03 9.680291782884689056e+00
4.175809366542999890e-03 2.338678755120082897e+01
5.257032526349000000e-03 5.566907699499373763e+01
6.618211838048999700e-03 1.301918680220777560e+02
8.331835063556999182e-03 2.981605539017403430e+02
1.048915888839000062e-02 6.655221669871804124e+02
1.320506867293999922e-02 1.438539970180583623e+03
1.662419651682000080e-02 2.984514421673080506e+03
2.092862327962000113e-02 5.874110437655142050e+03
2.634744931342000024e-02 1.082785277956916070e+04
3.315209794084000156e-02 1.855484068713243323e+04
4.117410430274000277e-02 2.935577351023441224e+04
4.794383701363000294e-02 4.038444792395867989e+04
5.285230385351000204e-02 4.996789775599122368e+04
5.689899157231999988e-02 5.902742807658296806e+04
6.051160959727999722e-02 6.796084881943906657e+04
6.388071465483000089e-02 7.687532343241671333e+04
6.710711917584000208e-02 8.575147564995984430e+04
7.025125089422000479e-02 9.450752164213063952e+04
7.335279262265000100e-02 1.030351986607917934e+05
7.643970582400999580e-02 1.112262183322197088e+05
7.953284837889999792e-02 1.189960929585124395e+05
8.264854000113000532e-02 1.263069687871072383e+05
8.580008208183000085e-02 1.331857947261442896e+05
8.899870566239000136e-02 1.397380711569554987e+05
9.225418804167999365e-02 1.461520719737876789e+05
9.557526794633000589e-02 1.526934736431961355e+05
9.896993317133000179e-02 1.596876633043752518e+05
1.024456246029000067e-01 1.674904279889206227e+05
1.060093837101000053e-01 1.764473333151726692e+05
1.096679607710999982e-01 1.868415066381104116e+05
1.134278951693000054e-01 1.988379424285167770e+05
1.172955754111000004e-01 2.124189386763781367e+05
1.212772841719999967e-01 2.273342741415596684e+05
1.253792321557999911e-01 2.430800290488051833e+05
1.296075835524000130e-01 2.589368235160823097e+05
1.339684752122000111e-01 2.740841628949280712e+05
1.384680312159999871e-01 2.877934538637414807e+05
1.431123742218000094e-01 2.996540139685369213e+05
1.479076347781000111e-01 3.097687580577159533e+05
1.528599596675999928e-01 3.188439409354097443e+05
1.579755202631999977e-01 3.281157088152125361e+05
1.632605218321999951e-01 3.391003130148070049e+05
1.687212146882000052e-01 3.531921009306770284e+05
1.743639080750999937e-01 3.712023694776843768e+05
1.801949876502000059e-01 3.929599351720950217e+05
1.862209374284999885e-01 4.172436947400632780e+05
1.924483670431000049e-01 4.417488329195939004e+05
1.988840451811000054e-01 4.637610463929899852e+05
2.055349400658000036e-01 4.816583762653511367e+05
2.124082678930999946e-01 4.958285415805657394e+05
2.195115501824000115e-01 5.086211389969009324e+05
2.268526811048000025e-01 5.233363459234421607e+05
2.344400059972999995e-01 5.429207922560931183e+05
2.422824124907999865e-01 5.685004762139589293e+05
2.503894359832000149e-01 5.982270816181582632e+05
2.587713816127000244e-01 6.279025674448509235e+05
2.674394654501999757e-01 6.535165728165560868e+05
2.764059783851000041e-01 6.738835296898967354e+05
2.856844771795999938e-01 6.919782972207989078e+05
2.952900084874000020e-01 7.132414966157870367e+05
3.052393733836000211e-01 7.409582972095953301e+05
3.155514422849000078e-01 7.737067586195758777e+05
3.262475332688000162e-01 8.064730041626757011e+05
3.373518710471999915e-01 8.347978668260095874e+05
3.488921496749000095e-01 8.597131096489701886e+05
3.609002301715000249e-01 8.864321671102927066e+05
3.734130156664999811e-01 9.190380913605926326e+05
3.864735630509000264e-01 9.552545890028306749e+05
4.001325139990999924e-01 9.899631117381681688e+05
4.144499636812000176e-01 1.022051540396787110e+06
4.294979392239999805e-01 1.055883282326704822e+06
4.453637432313000133e-01 1.094391267146611586e+06
4.621545498540999830e-01 1.135281874705971684e+06
4.800038565045000039e-01 1.175120965206522262e+06
4.990807568023999941e-01 1.216696341325391782e+06
5.196036307989999603e-01 1.263324749219769146e+06
5.418609878008000535e-01 1.311807258505520876e+06
5.662443470476999918e-01 1.363115447371250018e+06
5.933023035808999701e-01 1.420248364845213480e+06
6.238338625035000362e-01 1.482355863262545783e+06
6.590590793613000375e-01 1.552795504493581131e+06
7.009527793945999896e-01 1.633872314901614329e+06
7.529492955629000228e-01 1.731526917971285759e+06
8.215507559646000324e-01 1.855151870766840875e+06
9.201273831298000250e-01 2.023576759623355931e+06
1.075977330029999957e+00 2.270871773898147978e+06
1.324113643555999920e+00 2.625275753844113089e+06
1.664170694272999906e+00 3.050921549869956449e+06
2.095013643745999854e+00 3.517400457175786607e+06
2.637465715760999974e+00 4.021964782981109805e+06
3.320372612203000173e+00 4.564797635343681090e+06
4.180101458128000047e+00 5.145879097999237478e+06
5.262435949514999933e+00 5.765289689497373067e+06
6.625014344783999753e+00 6.422976936390378512e+06
8.340398912149000310e+00 7.118931526555574499e+06
1.049994013501000012e+01 7.853067291545023210e+06
1.321864145828000048e+01 8.625219882283138111e+06
1.664128364121999937e+01 9.435404878313045949e+06
2.095013486080999954e+01 1.028327333658455499e+07
2.637465715677999967e+01 1.116860635065890849e+07
3.320372612202999818e+01 1.209119104306428507e+07
4.180101458128000047e+01 1.304994277753331885e+07
5.262435949515000289e+01 1.404411548540625162e+07
6.625014344784000286e+01 1.507206948016294464e+07
8.340398912148999955e+01 1.613105143754244968e+07
1.049994013501000012e+02 1.721688290343733877e+07
1.321864145828000119e+02 1.832256795601446927e+07
1.664128364121999937e+02 1.943657402987371385e+07
2.095013486080999883e+02 2.054067566073582321e+07
2.637465715678000038e+02 2.160901862927908823e+07
3.320372612203000244e+02 2.260500018229341134e+07
4.180101458127999763e+02 2.348504055879892409e+07
5.262435949514999720e+02 2.420986480655366182e+07
6.625014344784000286e+02 2.477751177583586052e+07
8.340398912148999671e+02 2.525898183793006465e+07
1.049994013500999927e+03 2.579514600360967964e+07
1.321864145827999891e+03 2.649240905579245463e+07
1.664128364121999994e+03 2.733522374829347804e+07
2.095013486080999883e+03 2.830246644144451246e+07
2.637465715677999924e+03 2.938375045732162520e+07
3.320372612202999790e+03 3.055550909080230445e+07
4.180101458127999649e+03 3.180186346156940982e+07
5.262435949515000175e+03 3.310908407693879679e+07
6.625014344784000059e+03 3.446942910184156150e+07
8.340398912148999443e+03 3.587034838780573010e+07
1.049994013500999972e+04 3.731297352200011164e+07
1.321864145828000073e+04 3.878948475559717417e+07
1.664128364122000130e+04 4.030205718486027420e+07
2.095013486081000156e+04 4.184551817682120204e+07
2.637465715677999833e+04 4.342029112030965090e+07
3.320372612202999881e+04 4.502506957493650913e+07
4.180101458127999649e+04 4.666336881740473211e+07
5.262435949514999811e+04 4.832657908978740126e+07
6.625014344784000423e+04 5.002069430696900934e+07
8.340398912148999807e+04 5.174613443549976498e+07
1.049994013501000009e+05 5.350201819030649215e+07
1.321864145828811161e+05 5.528515215651156008e+07
1.664128364124304790e+05 5.709751549158702791e+07
2.095013486084581236e+05 5.893910819553291053e+07
2.637465715684670722e+05 6.080993026834920794e+07
3.320372612212965032e+05 6.270998171003588289e+07
4.180101458142351476e+05 6.463926252059301734e+07
5.262435949535862310e+05 6.659777270002055168e+07
6.625014344813144999e+05 6.858551224831847847e+07
8.340398912190281553e+05 7.060248116548682749e+07
1.049994013506197138e+06 7.264867945152558386e+07
1.321864145835353993e+06 7.472410710643474758e+07
1.664128364132541697e+06 7.682876413021430373e+07
2.095013486094950698e+06 7.896265052286431193e+07
2.637465715697725303e+06 8.112576628438471258e+07
3.320372612229400314e+06 8.331811141477552056e+07
4.180101458163041621e+06 8.553968591403675079e+07
5.262435949561910704e+06 8.779048978216834366e+07
6.625014344845936634e+06 9.007052301917041838e+07
8.340398912231563590e+06 9.237978562504287064e+07
1.049994013511394337e+07 9.471827759978574514e+07
1.321864145841896720e+07 9.708599894339899719e+07
1.664128364140778594e+07 9.948294965588265657e+07
2.095013486105320603e+07 1.019091297372367829e+08
2.637465715710780025e+07 1.043645391874612868e+08
3.320372612245834991e+07 1.068491780065562129e+08
4.180101458183731884e+07 1.093630461945215166e+08
5.262435949587957561e+07 1.119061437513572425e+08
6.625014344878728688e+07 1.144784706770634204e+08
8.340398912272846699e+07 1.170800269716399461e+08
1.049994013516591489e+08 1.197108126350869387e+08
1.321864145848439634e+08 1.223708276674043238e+08
1.664128364149015546e+08 1.250600720685921013e+08
2.095013486115690172e+08 1.277785458386503011e+08
2.637465715723834634e+08 1.305262489775788784e+08
3.320372612262269855e+08 1.333031814853779376e+08
4.180101458204421401e+08 1.361093433620473742e+08
5.262435949614005089e+08 1.389447346075871885e+08
6.625014344911520481e+08 1.418093552219974697e+08
8.340398912314128876e+08 1.447032052052780688e+08
1.049994013521788597e+09 1.476262845574291945e+08
1.321864145854982376e+09 1.505785932784506679e+08
1.664128364157252312e+09 1.535601313683425784e+08
2.095013486126059771e+09 1.565708988271048665e+08
2.637465715736889362e+09 1.596108956547375619e+08
3.320372612278704643e+09 1.626801218512407243e+08
4.180101458225111961e+09 1.657785774166142046e+08
5.262435949640052795e+09 1.689062623508582115e+08
6.625014344944312096e+09 1.720631766539725661e+08
8.340398912355410576e+09 1.752493203259572983e+08
1.049994013526985741e+10 1.784646933668125272e+08
1.321864145861525154e+10 1.817092957765380740e+08
1.664128364165489388e+10 1.849831275551340878e+08
2.095013486136429214e+10 1.882861887026005089e+08
2.637465715749943542e+10 1.916184792189373374e+08
3.320372612295139694e+10 1.949799991041445732e+08
4.180101458245802307e+10 1.983707483582221568e+08
5.262435949666100311e+10 2.017907269811702669e+08
6.625014344977103424e+10 2.052399349729887247e+08
8.340398912396693420e+10 2.087183723336775899e+08
1.049994013532182922e+11 2.122260390632368922e+08
1.321864145868067932e+11 2.157629351616665721e+08
1.664128364173726196e+11 2.193290606289666593e+08
2.095013486146799316e+11 2.229244154651371837e+08
2.637465715762998657e+11 2.265489996701781154e+08
3.320372612311574097e+11 2.302028132440894842e+08
4.180101458266492310e+11 2.338858561868712306e+08
5.262435949692147217e+11 2.375981284985233843e+08
6.625014345009895020e+11 2.413396301790459752e+08
8.340398912437974854e+11 2.451103612284389436e+08
1.049994013537380005e+12 2.489103216467023194e+08
1.321864145874610840e+12 2.527395114338361323e+08
1.664128364181963135e+12 2.565979305898403525e+08
2.095013486157168945e+12 2.604855791147149503e+08
2.637465715776053223e+12 2.644024570084599853e+08
3.320372612328008789e+12 2.683485642710754275e+08
4.180101458287182617e+12 2.723239009025613070e+08
5.262435949718194336e+12 2.763284669029175639e+08
6.625014345042686523e+12 2.803622622721442580e+08
8.340398912479257812e+12 2.844252870102412105e+08
1.049994013542577148e+13 2.885175411172087789e+08
1.321864145881153711e+13 2.926390245930467248e+08
1.664128364190200000e+13 2.967897374377550483e+08
2.095013486167538281e+13 3.009696796513338089e+08
2.637465715789107812e+13 3.051788512337827682e+08
3.320372612344443750e+13 3.094172521851024628e+08
4.180101458307872656e+13 3.136848825052924156e+08
5.262435949744242188e+13 3.179817421943527460e+08
6.625014345075478906e+13 3.223078312522835732e+08
8.340398912520540625e+13 3.266631496790845990e+08
1.049994013547774375e+14 3.310476974747563601e+08
1.321864145887696250e+14 3.354614746392983794e+08
1.664128364198436875e+14 3.399044811727107763e+08
2.095013486177908125e+14 3.443767170749936104e+08
2.637465715802162188e+14 3.488781823461467624e+08
3.320372612360878750e+14 3.534088769861705303e+08
4.180101458328563125e+14 3.579688009950645566e+08
5.262435949770289375e+14 3.625579543728290796e+08
6.625014345108270000e+14 3.671763371194639206e+08
8.340398912561822500e+14 3.718239492349691391e+08
1.049994013552971375e+15 3.765007907193449736e+08
1.321864145894239250e+15 3.812068615725910664e+08
1.664128364206674000e+15 3.859421617947075963e+08
2.095013486188277750e+15 3.907066913856945038e+08
2.637465715815217000e+15 3.955004503455517292e+08
3.320372612377313500e+15 4.003234386742796302e+08
4.180101458349253000e+15 4.051756563718777895e+08
5.262435949796337000e+15 4.100571034383463860e+08
6.625014345141063000e+15 4.149677798736853600e+08
8.340398912603104000e+15 4.199076856778946519e+08
1.049994013558168600e+16 4.248768208509746194e+08
1.321864145900782000e+16 4.298751853929248452e+08
1.664128364214910800e+16 4.349027793037455082e+08
2.095013486198647600e+16 4.399596025834364891e+08
2.637465715828271600e+16 4.450456552319978476e+08
3.320372612393748400e+16 4.501609372494298816e+08
4.180101458369943200e+16 4.553054486357321143e+08
5.262435949822384000e+16 4.604791893909048438e+08
6.625014345173854400e+16 4.656821595149477720e+08
8.340398912644387200e+16 4.709143590078614354e+08
1.049994013563365760e+17 4.761757878696452975e+08
1.321864145907324800e+17 4.814664461002997160e+08
1.664128364223147840e+17 4.867863336998244524e+08
2.095013486209017280e+17 4.921354506682194471e+08
2.637465715841326400e+17 4.975137970054851174e+08
3.320372612410183040e+17 5.029213727116210461e+08
4.180101458390633600e+17 5.083581777866274714e+08
5.262435949848432000e+17 5.138242122305042148e+08
6.625014345206645760e+17 5.193194760432512760e+08
8.340398912685669120e+17 5.248439692248690724e+08
1.049994013568562816e+18 5.303976917753570676e+08
1.321864145913867776e+18 5.359806436947154999e+08
1.664128364231384576e+18 5.415928249829443693e+08
2.095013486219386624e+18 5.472342356400434971e+08
2.637465715854380544e+18 5.529048756660132408e+08
3.320372612426617856e+18 5.586047450608533621e+08
4.180101458411323392e+18 5.643338438245638609e+08
5.262435949874479104e+18 5.700921719571447372e+08
6.625014345239437312e+18 5.758797294585958719e+08
8.340398912726950912e+18 5.816965163289177418e+08
1.049994013573760000e+19 5.875425325681099892e+08
1.321864145920410419e+19 5.934177781761724949e+08
1.664128364239621530e+19 5.993222531531054974e+08
2.095013486229756314e+19 6.052559574989086390e+08
2.637465715867435418e+19 6.112188912135825157e+08
3.320372612443052851e+19 6.172110542971266508e+08
4.180101458432013926e+19 6.232324467495414019e+08
5.262435949900527206e+19 6.292830685708262920e+08
6.625014345272229069e+19 6.353629197609815598e+08
8.340398912768234291e+19 6.414720003200075626e+08
1.049994013578957128e+20 6.476103102479037046e+08
